{
 "cells": [
  {
   "cell_type": "markdown",
   "metadata": {},
   "source": [
    "# 2D Gaussian convolution"
   ]
  },
  {
   "cell_type": "code",
   "execution_count": 1,
   "metadata": {
    "ExecuteTime": {
     "end_time": "2020-12-07T09:24:24.074511Z",
     "start_time": "2020-12-07T09:24:22.849946Z"
    }
   },
   "outputs": [],
   "source": [
    "import matplotlib.pyplot as plt\n",
    "import numpy as np\n",
    "from scipy.ndimage import gaussian_filter"
   ]
  },
  {
   "cell_type": "code",
   "execution_count": null,
   "metadata": {},
   "outputs": [],
   "source": [
    "img = np.zeros((30,30))\n",
    "img[15,15] = 1\n",
    "plt.imshow(img, cmap=\"gray\")"
   ]
  },
  {
   "cell_type": "code",
   "execution_count": null,
   "metadata": {},
   "outputs": [],
   "source": [
    "# Convolution a dilution isotrope\n",
    "img_conv = gaussian_filter(img, sigma=(1,1))\n",
    "plt.imshow(img_conv, cmap='gray')"
   ]
  },
  {
   "cell_type": "markdown",
   "metadata": {},
   "source": [
    "## 3D Gaussian convolution"
   ]
  },
  {
   "cell_type": "code",
   "execution_count": 12,
   "metadata": {
    "ExecuteTime": {
     "end_time": "2020-12-07T09:26:23.029579Z",
     "start_time": "2020-12-07T09:26:23.012935Z"
    }
   },
   "outputs": [],
   "source": [
    "#Let's build a 3D array of axis: (t,x,y)\n",
    "img3D = np.zeros((10,10,10))\n",
    "img3D[5,5,5] = 1\n",
    "\n",
    "img3D_conv = gaussian_filter(img3D, sigma=(2,2,2))\n",
    "\n",
    "max_lum = img3D_conv.max()\n",
    "\n",
    "for i in range(9):\n",
    "    plt.imshow(img3D_conv[i+1,:,:], cmap='gray', vmin=0, vmax=max_lum)\n",
    "    plt.show()"
   ]
  },
  {
   "cell_type": "code",
   "execution_count": 6,
   "metadata": {
    "ExecuteTime": {
     "end_time": "2020-12-04T14:15:53.160902Z",
     "start_time": "2020-12-04T14:15:53.124894Z"
    }
   },
   "outputs": [
    {
     "data": {
      "text/plain": [
       "array([[0.00000000e+00, 0.00000000e+00, 0.00000000e+00, 0.00000000e+00,\n",
       "        0.00000000e+00, 0.00000000e+00, 0.00000000e+00, 0.00000000e+00,\n",
       "        0.00000000e+00, 0.00000000e+00, 0.00000000e+00, 0.00000000e+00,\n",
       "        0.00000000e+00, 0.00000000e+00, 0.00000000e+00, 0.00000000e+00,\n",
       "        0.00000000e+00, 0.00000000e+00, 0.00000000e+00, 0.00000000e+00,\n",
       "        0.00000000e+00, 0.00000000e+00, 0.00000000e+00, 0.00000000e+00,\n",
       "        0.00000000e+00, 0.00000000e+00, 0.00000000e+00, 0.00000000e+00,\n",
       "        0.00000000e+00, 0.00000000e+00],\n",
       "       [0.00000000e+00, 0.00000000e+00, 0.00000000e+00, 0.00000000e+00,\n",
       "        0.00000000e+00, 0.00000000e+00, 0.00000000e+00, 0.00000000e+00,\n",
       "        0.00000000e+00, 0.00000000e+00, 0.00000000e+00, 0.00000000e+00,\n",
       "        0.00000000e+00, 0.00000000e+00, 0.00000000e+00, 0.00000000e+00,\n",
       "        0.00000000e+00, 0.00000000e+00, 0.00000000e+00, 0.00000000e+00,\n",
       "        0.00000000e+00, 0.00000000e+00, 0.00000000e+00, 0.00000000e+00,\n",
       "        0.00000000e+00, 0.00000000e+00, 0.00000000e+00, 0.00000000e+00,\n",
       "        0.00000000e+00, 0.00000000e+00],\n",
       "       [0.00000000e+00, 0.00000000e+00, 0.00000000e+00, 0.00000000e+00,\n",
       "        0.00000000e+00, 0.00000000e+00, 0.00000000e+00, 0.00000000e+00,\n",
       "        0.00000000e+00, 0.00000000e+00, 0.00000000e+00, 0.00000000e+00,\n",
       "        0.00000000e+00, 0.00000000e+00, 0.00000000e+00, 0.00000000e+00,\n",
       "        0.00000000e+00, 0.00000000e+00, 0.00000000e+00, 0.00000000e+00,\n",
       "        0.00000000e+00, 0.00000000e+00, 0.00000000e+00, 0.00000000e+00,\n",
       "        0.00000000e+00, 0.00000000e+00, 0.00000000e+00, 0.00000000e+00,\n",
       "        0.00000000e+00, 0.00000000e+00],\n",
       "       [0.00000000e+00, 0.00000000e+00, 0.00000000e+00, 0.00000000e+00,\n",
       "        0.00000000e+00, 0.00000000e+00, 0.00000000e+00, 0.00000000e+00,\n",
       "        0.00000000e+00, 0.00000000e+00, 0.00000000e+00, 0.00000000e+00,\n",
       "        0.00000000e+00, 0.00000000e+00, 0.00000000e+00, 0.00000000e+00,\n",
       "        0.00000000e+00, 0.00000000e+00, 0.00000000e+00, 0.00000000e+00,\n",
       "        0.00000000e+00, 0.00000000e+00, 0.00000000e+00, 0.00000000e+00,\n",
       "        0.00000000e+00, 0.00000000e+00, 0.00000000e+00, 0.00000000e+00,\n",
       "        0.00000000e+00, 0.00000000e+00],\n",
       "       [0.00000000e+00, 0.00000000e+00, 0.00000000e+00, 0.00000000e+00,\n",
       "        0.00000000e+00, 0.00000000e+00, 0.00000000e+00, 0.00000000e+00,\n",
       "        0.00000000e+00, 0.00000000e+00, 0.00000000e+00, 0.00000000e+00,\n",
       "        0.00000000e+00, 0.00000000e+00, 0.00000000e+00, 0.00000000e+00,\n",
       "        0.00000000e+00, 0.00000000e+00, 0.00000000e+00, 0.00000000e+00,\n",
       "        0.00000000e+00, 0.00000000e+00, 0.00000000e+00, 0.00000000e+00,\n",
       "        0.00000000e+00, 0.00000000e+00, 0.00000000e+00, 0.00000000e+00,\n",
       "        0.00000000e+00, 0.00000000e+00],\n",
       "       [0.00000000e+00, 0.00000000e+00, 0.00000000e+00, 0.00000000e+00,\n",
       "        0.00000000e+00, 0.00000000e+00, 0.00000000e+00, 0.00000000e+00,\n",
       "        0.00000000e+00, 0.00000000e+00, 0.00000000e+00, 0.00000000e+00,\n",
       "        0.00000000e+00, 0.00000000e+00, 0.00000000e+00, 0.00000000e+00,\n",
       "        0.00000000e+00, 0.00000000e+00, 0.00000000e+00, 0.00000000e+00,\n",
       "        0.00000000e+00, 0.00000000e+00, 0.00000000e+00, 0.00000000e+00,\n",
       "        0.00000000e+00, 0.00000000e+00, 0.00000000e+00, 0.00000000e+00,\n",
       "        0.00000000e+00, 0.00000000e+00],\n",
       "       [0.00000000e+00, 0.00000000e+00, 0.00000000e+00, 0.00000000e+00,\n",
       "        0.00000000e+00, 0.00000000e+00, 0.00000000e+00, 0.00000000e+00,\n",
       "        0.00000000e+00, 0.00000000e+00, 0.00000000e+00, 0.00000000e+00,\n",
       "        0.00000000e+00, 0.00000000e+00, 0.00000000e+00, 0.00000000e+00,\n",
       "        0.00000000e+00, 0.00000000e+00, 0.00000000e+00, 0.00000000e+00,\n",
       "        0.00000000e+00, 0.00000000e+00, 0.00000000e+00, 0.00000000e+00,\n",
       "        0.00000000e+00, 0.00000000e+00, 0.00000000e+00, 0.00000000e+00,\n",
       "        0.00000000e+00, 0.00000000e+00],\n",
       "       [0.00000000e+00, 0.00000000e+00, 0.00000000e+00, 0.00000000e+00,\n",
       "        0.00000000e+00, 0.00000000e+00, 0.00000000e+00, 5.95476812e-10,\n",
       "        3.88299658e-09, 1.97194837e-08, 7.79920712e-08, 2.40232492e-07,\n",
       "        5.76287789e-07, 1.07664733e-06, 1.56651263e-06, 1.77509136e-06,\n",
       "        1.56651263e-06, 1.07664733e-06, 5.76287789e-07, 2.40232492e-07,\n",
       "        7.79920712e-08, 1.97194837e-08, 3.88299658e-09, 5.95476812e-10,\n",
       "        0.00000000e+00, 0.00000000e+00, 0.00000000e+00, 0.00000000e+00,\n",
       "        0.00000000e+00, 0.00000000e+00],\n",
       "       [0.00000000e+00, 0.00000000e+00, 0.00000000e+00, 0.00000000e+00,\n",
       "        0.00000000e+00, 0.00000000e+00, 0.00000000e+00, 3.88299658e-09,\n",
       "        2.53203183e-08, 1.28587187e-07, 5.08572189e-07, 1.56651263e-06,\n",
       "        3.75786843e-06, 7.02062251e-06, 1.02149455e-05, 1.15750497e-05,\n",
       "        1.02149455e-05, 7.02062251e-06, 3.75786843e-06, 1.56651263e-06,\n",
       "        5.08572189e-07, 1.28587187e-07, 2.53203183e-08, 3.88299658e-09,\n",
       "        0.00000000e+00, 0.00000000e+00, 0.00000000e+00, 0.00000000e+00,\n",
       "        0.00000000e+00, 0.00000000e+00],\n",
       "       [0.00000000e+00, 0.00000000e+00, 0.00000000e+00, 0.00000000e+00,\n",
       "        0.00000000e+00, 0.00000000e+00, 0.00000000e+00, 1.97194837e-08,\n",
       "        1.28587187e-07, 6.53019617e-07, 2.58274269e-06, 7.95540754e-06,\n",
       "        1.90840306e-05, 3.56536630e-05, 5.18757736e-05, 5.87829526e-05,\n",
       "        5.18757736e-05, 3.56536630e-05, 1.90840306e-05, 7.95540754e-06,\n",
       "        2.58274269e-06, 6.53019617e-07, 1.28587187e-07, 1.97194837e-08,\n",
       "        0.00000000e+00, 0.00000000e+00, 0.00000000e+00, 0.00000000e+00,\n",
       "        0.00000000e+00, 0.00000000e+00],\n",
       "       [0.00000000e+00, 0.00000000e+00, 0.00000000e+00, 0.00000000e+00,\n",
       "        0.00000000e+00, 0.00000000e+00, 0.00000000e+00, 7.79920712e-08,\n",
       "        5.08572189e-07, 2.58274269e-06, 1.02149455e-05, 3.14642472e-05,\n",
       "        7.54788052e-05, 1.41012973e-04, 2.05172665e-04, 2.32491087e-04,\n",
       "        2.05172665e-04, 1.41012973e-04, 7.54788052e-05, 3.14642472e-05,\n",
       "        1.02149455e-05, 2.58274269e-06, 5.08572189e-07, 7.79920712e-08,\n",
       "        0.00000000e+00, 0.00000000e+00, 0.00000000e+00, 0.00000000e+00,\n",
       "        0.00000000e+00, 0.00000000e+00],\n",
       "       [0.00000000e+00, 0.00000000e+00, 0.00000000e+00, 0.00000000e+00,\n",
       "        0.00000000e+00, 0.00000000e+00, 0.00000000e+00, 2.40232492e-07,\n",
       "        1.56651263e-06, 7.95540754e-06, 3.14642472e-05, 9.69167043e-05,\n",
       "        2.32491087e-04, 4.34350534e-04, 6.31976298e-04, 7.16122965e-04,\n",
       "        6.31976298e-04, 4.34350534e-04, 2.32491087e-04, 9.69167043e-05,\n",
       "        3.14642472e-05, 7.95540754e-06, 1.56651263e-06, 2.40232492e-07,\n",
       "        0.00000000e+00, 0.00000000e+00, 0.00000000e+00, 0.00000000e+00,\n",
       "        0.00000000e+00, 0.00000000e+00],\n",
       "       [0.00000000e+00, 0.00000000e+00, 0.00000000e+00, 0.00000000e+00,\n",
       "        0.00000000e+00, 0.00000000e+00, 0.00000000e+00, 5.76287789e-07,\n",
       "        3.75786843e-06, 1.90840306e-05, 7.54788052e-05, 2.32491087e-04,\n",
       "        5.57717126e-04, 1.04195277e-03, 1.51603233e-03, 1.71788969e-03,\n",
       "        1.51603233e-03, 1.04195277e-03, 5.57717126e-04, 2.32491087e-04,\n",
       "        7.54788052e-05, 1.90840306e-05, 3.75786843e-06, 5.76287789e-07,\n",
       "        0.00000000e+00, 0.00000000e+00, 0.00000000e+00, 0.00000000e+00,\n",
       "        0.00000000e+00, 0.00000000e+00],\n",
       "       [0.00000000e+00, 0.00000000e+00, 0.00000000e+00, 0.00000000e+00,\n",
       "        0.00000000e+00, 0.00000000e+00, 0.00000000e+00, 1.07664733e-06,\n",
       "        7.02062251e-06, 3.56536630e-05, 1.41012973e-04, 4.34350534e-04,\n",
       "        1.04195277e-03, 1.94662404e-03, 2.83232127e-03, 3.20944046e-03,\n",
       "        2.83232127e-03, 1.94662404e-03, 1.04195277e-03, 4.34350534e-04,\n",
       "        1.41012973e-04, 3.56536630e-05, 7.02062251e-06, 1.07664733e-06,\n",
       "        0.00000000e+00, 0.00000000e+00, 0.00000000e+00, 0.00000000e+00,\n",
       "        0.00000000e+00, 0.00000000e+00],\n",
       "       [0.00000000e+00, 0.00000000e+00, 0.00000000e+00, 0.00000000e+00,\n",
       "        0.00000000e+00, 0.00000000e+00, 0.00000000e+00, 1.56651263e-06,\n",
       "        1.02149455e-05, 5.18757736e-05, 2.05172665e-04, 6.31976298e-04,\n",
       "        1.51603233e-03, 2.83232127e-03, 4.12100313e-03, 4.66970832e-03,\n",
       "        4.12100313e-03, 2.83232127e-03, 1.51603233e-03, 6.31976298e-04,\n",
       "        2.05172665e-04, 5.18757736e-05, 1.02149455e-05, 1.56651263e-06,\n",
       "        0.00000000e+00, 0.00000000e+00, 0.00000000e+00, 0.00000000e+00,\n",
       "        0.00000000e+00, 0.00000000e+00],\n",
       "       [0.00000000e+00, 0.00000000e+00, 0.00000000e+00, 0.00000000e+00,\n",
       "        0.00000000e+00, 0.00000000e+00, 0.00000000e+00, 1.77509136e-06,\n",
       "        1.15750497e-05, 5.87829526e-05, 2.32491087e-04, 7.16122965e-04,\n",
       "        1.71788969e-03, 3.20944046e-03, 4.66970832e-03, 5.29147276e-03,\n",
       "        4.66970832e-03, 3.20944046e-03, 1.71788969e-03, 7.16122965e-04,\n",
       "        2.32491087e-04, 5.87829526e-05, 1.15750497e-05, 1.77509136e-06,\n",
       "        0.00000000e+00, 0.00000000e+00, 0.00000000e+00, 0.00000000e+00,\n",
       "        0.00000000e+00, 0.00000000e+00],\n",
       "       [0.00000000e+00, 0.00000000e+00, 0.00000000e+00, 0.00000000e+00,\n",
       "        0.00000000e+00, 0.00000000e+00, 0.00000000e+00, 1.56651263e-06,\n",
       "        1.02149455e-05, 5.18757736e-05, 2.05172665e-04, 6.31976298e-04,\n",
       "        1.51603233e-03, 2.83232127e-03, 4.12100313e-03, 4.66970832e-03,\n",
       "        4.12100313e-03, 2.83232127e-03, 1.51603233e-03, 6.31976298e-04,\n",
       "        2.05172665e-04, 5.18757736e-05, 1.02149455e-05, 1.56651263e-06,\n",
       "        0.00000000e+00, 0.00000000e+00, 0.00000000e+00, 0.00000000e+00,\n",
       "        0.00000000e+00, 0.00000000e+00],\n",
       "       [0.00000000e+00, 0.00000000e+00, 0.00000000e+00, 0.00000000e+00,\n",
       "        0.00000000e+00, 0.00000000e+00, 0.00000000e+00, 1.07664733e-06,\n",
       "        7.02062251e-06, 3.56536630e-05, 1.41012973e-04, 4.34350534e-04,\n",
       "        1.04195277e-03, 1.94662404e-03, 2.83232127e-03, 3.20944046e-03,\n",
       "        2.83232127e-03, 1.94662404e-03, 1.04195277e-03, 4.34350534e-04,\n",
       "        1.41012973e-04, 3.56536630e-05, 7.02062251e-06, 1.07664733e-06,\n",
       "        0.00000000e+00, 0.00000000e+00, 0.00000000e+00, 0.00000000e+00,\n",
       "        0.00000000e+00, 0.00000000e+00],\n",
       "       [0.00000000e+00, 0.00000000e+00, 0.00000000e+00, 0.00000000e+00,\n",
       "        0.00000000e+00, 0.00000000e+00, 0.00000000e+00, 5.76287789e-07,\n",
       "        3.75786843e-06, 1.90840306e-05, 7.54788052e-05, 2.32491087e-04,\n",
       "        5.57717126e-04, 1.04195277e-03, 1.51603233e-03, 1.71788969e-03,\n",
       "        1.51603233e-03, 1.04195277e-03, 5.57717126e-04, 2.32491087e-04,\n",
       "        7.54788052e-05, 1.90840306e-05, 3.75786843e-06, 5.76287789e-07,\n",
       "        0.00000000e+00, 0.00000000e+00, 0.00000000e+00, 0.00000000e+00,\n",
       "        0.00000000e+00, 0.00000000e+00],\n",
       "       [0.00000000e+00, 0.00000000e+00, 0.00000000e+00, 0.00000000e+00,\n",
       "        0.00000000e+00, 0.00000000e+00, 0.00000000e+00, 2.40232492e-07,\n",
       "        1.56651263e-06, 7.95540754e-06, 3.14642472e-05, 9.69167043e-05,\n",
       "        2.32491087e-04, 4.34350534e-04, 6.31976298e-04, 7.16122965e-04,\n",
       "        6.31976298e-04, 4.34350534e-04, 2.32491087e-04, 9.69167043e-05,\n",
       "        3.14642472e-05, 7.95540754e-06, 1.56651263e-06, 2.40232492e-07,\n",
       "        0.00000000e+00, 0.00000000e+00, 0.00000000e+00, 0.00000000e+00,\n",
       "        0.00000000e+00, 0.00000000e+00],\n",
       "       [0.00000000e+00, 0.00000000e+00, 0.00000000e+00, 0.00000000e+00,\n",
       "        0.00000000e+00, 0.00000000e+00, 0.00000000e+00, 7.79920712e-08,\n",
       "        5.08572189e-07, 2.58274269e-06, 1.02149455e-05, 3.14642472e-05,\n",
       "        7.54788052e-05, 1.41012973e-04, 2.05172665e-04, 2.32491087e-04,\n",
       "        2.05172665e-04, 1.41012973e-04, 7.54788052e-05, 3.14642472e-05,\n",
       "        1.02149455e-05, 2.58274269e-06, 5.08572189e-07, 7.79920712e-08,\n",
       "        0.00000000e+00, 0.00000000e+00, 0.00000000e+00, 0.00000000e+00,\n",
       "        0.00000000e+00, 0.00000000e+00],\n",
       "       [0.00000000e+00, 0.00000000e+00, 0.00000000e+00, 0.00000000e+00,\n",
       "        0.00000000e+00, 0.00000000e+00, 0.00000000e+00, 1.97194837e-08,\n",
       "        1.28587187e-07, 6.53019617e-07, 2.58274269e-06, 7.95540754e-06,\n",
       "        1.90840306e-05, 3.56536630e-05, 5.18757736e-05, 5.87829526e-05,\n",
       "        5.18757736e-05, 3.56536630e-05, 1.90840306e-05, 7.95540754e-06,\n",
       "        2.58274269e-06, 6.53019617e-07, 1.28587187e-07, 1.97194837e-08,\n",
       "        0.00000000e+00, 0.00000000e+00, 0.00000000e+00, 0.00000000e+00,\n",
       "        0.00000000e+00, 0.00000000e+00],\n",
       "       [0.00000000e+00, 0.00000000e+00, 0.00000000e+00, 0.00000000e+00,\n",
       "        0.00000000e+00, 0.00000000e+00, 0.00000000e+00, 3.88299658e-09,\n",
       "        2.53203183e-08, 1.28587187e-07, 5.08572189e-07, 1.56651263e-06,\n",
       "        3.75786843e-06, 7.02062251e-06, 1.02149455e-05, 1.15750497e-05,\n",
       "        1.02149455e-05, 7.02062251e-06, 3.75786843e-06, 1.56651263e-06,\n",
       "        5.08572189e-07, 1.28587187e-07, 2.53203183e-08, 3.88299658e-09,\n",
       "        0.00000000e+00, 0.00000000e+00, 0.00000000e+00, 0.00000000e+00,\n",
       "        0.00000000e+00, 0.00000000e+00],\n",
       "       [0.00000000e+00, 0.00000000e+00, 0.00000000e+00, 0.00000000e+00,\n",
       "        0.00000000e+00, 0.00000000e+00, 0.00000000e+00, 5.95476812e-10,\n",
       "        3.88299658e-09, 1.97194837e-08, 7.79920712e-08, 2.40232492e-07,\n",
       "        5.76287789e-07, 1.07664733e-06, 1.56651263e-06, 1.77509136e-06,\n",
       "        1.56651263e-06, 1.07664733e-06, 5.76287789e-07, 2.40232492e-07,\n",
       "        7.79920712e-08, 1.97194837e-08, 3.88299658e-09, 5.95476812e-10,\n",
       "        0.00000000e+00, 0.00000000e+00, 0.00000000e+00, 0.00000000e+00,\n",
       "        0.00000000e+00, 0.00000000e+00],\n",
       "       [0.00000000e+00, 0.00000000e+00, 0.00000000e+00, 0.00000000e+00,\n",
       "        0.00000000e+00, 0.00000000e+00, 0.00000000e+00, 0.00000000e+00,\n",
       "        0.00000000e+00, 0.00000000e+00, 0.00000000e+00, 0.00000000e+00,\n",
       "        0.00000000e+00, 0.00000000e+00, 0.00000000e+00, 0.00000000e+00,\n",
       "        0.00000000e+00, 0.00000000e+00, 0.00000000e+00, 0.00000000e+00,\n",
       "        0.00000000e+00, 0.00000000e+00, 0.00000000e+00, 0.00000000e+00,\n",
       "        0.00000000e+00, 0.00000000e+00, 0.00000000e+00, 0.00000000e+00,\n",
       "        0.00000000e+00, 0.00000000e+00],\n",
       "       [0.00000000e+00, 0.00000000e+00, 0.00000000e+00, 0.00000000e+00,\n",
       "        0.00000000e+00, 0.00000000e+00, 0.00000000e+00, 0.00000000e+00,\n",
       "        0.00000000e+00, 0.00000000e+00, 0.00000000e+00, 0.00000000e+00,\n",
       "        0.00000000e+00, 0.00000000e+00, 0.00000000e+00, 0.00000000e+00,\n",
       "        0.00000000e+00, 0.00000000e+00, 0.00000000e+00, 0.00000000e+00,\n",
       "        0.00000000e+00, 0.00000000e+00, 0.00000000e+00, 0.00000000e+00,\n",
       "        0.00000000e+00, 0.00000000e+00, 0.00000000e+00, 0.00000000e+00,\n",
       "        0.00000000e+00, 0.00000000e+00],\n",
       "       [0.00000000e+00, 0.00000000e+00, 0.00000000e+00, 0.00000000e+00,\n",
       "        0.00000000e+00, 0.00000000e+00, 0.00000000e+00, 0.00000000e+00,\n",
       "        0.00000000e+00, 0.00000000e+00, 0.00000000e+00, 0.00000000e+00,\n",
       "        0.00000000e+00, 0.00000000e+00, 0.00000000e+00, 0.00000000e+00,\n",
       "        0.00000000e+00, 0.00000000e+00, 0.00000000e+00, 0.00000000e+00,\n",
       "        0.00000000e+00, 0.00000000e+00, 0.00000000e+00, 0.00000000e+00,\n",
       "        0.00000000e+00, 0.00000000e+00, 0.00000000e+00, 0.00000000e+00,\n",
       "        0.00000000e+00, 0.00000000e+00],\n",
       "       [0.00000000e+00, 0.00000000e+00, 0.00000000e+00, 0.00000000e+00,\n",
       "        0.00000000e+00, 0.00000000e+00, 0.00000000e+00, 0.00000000e+00,\n",
       "        0.00000000e+00, 0.00000000e+00, 0.00000000e+00, 0.00000000e+00,\n",
       "        0.00000000e+00, 0.00000000e+00, 0.00000000e+00, 0.00000000e+00,\n",
       "        0.00000000e+00, 0.00000000e+00, 0.00000000e+00, 0.00000000e+00,\n",
       "        0.00000000e+00, 0.00000000e+00, 0.00000000e+00, 0.00000000e+00,\n",
       "        0.00000000e+00, 0.00000000e+00, 0.00000000e+00, 0.00000000e+00,\n",
       "        0.00000000e+00, 0.00000000e+00],\n",
       "       [0.00000000e+00, 0.00000000e+00, 0.00000000e+00, 0.00000000e+00,\n",
       "        0.00000000e+00, 0.00000000e+00, 0.00000000e+00, 0.00000000e+00,\n",
       "        0.00000000e+00, 0.00000000e+00, 0.00000000e+00, 0.00000000e+00,\n",
       "        0.00000000e+00, 0.00000000e+00, 0.00000000e+00, 0.00000000e+00,\n",
       "        0.00000000e+00, 0.00000000e+00, 0.00000000e+00, 0.00000000e+00,\n",
       "        0.00000000e+00, 0.00000000e+00, 0.00000000e+00, 0.00000000e+00,\n",
       "        0.00000000e+00, 0.00000000e+00, 0.00000000e+00, 0.00000000e+00,\n",
       "        0.00000000e+00, 0.00000000e+00],\n",
       "       [0.00000000e+00, 0.00000000e+00, 0.00000000e+00, 0.00000000e+00,\n",
       "        0.00000000e+00, 0.00000000e+00, 0.00000000e+00, 0.00000000e+00,\n",
       "        0.00000000e+00, 0.00000000e+00, 0.00000000e+00, 0.00000000e+00,\n",
       "        0.00000000e+00, 0.00000000e+00, 0.00000000e+00, 0.00000000e+00,\n",
       "        0.00000000e+00, 0.00000000e+00, 0.00000000e+00, 0.00000000e+00,\n",
       "        0.00000000e+00, 0.00000000e+00, 0.00000000e+00, 0.00000000e+00,\n",
       "        0.00000000e+00, 0.00000000e+00, 0.00000000e+00, 0.00000000e+00,\n",
       "        0.00000000e+00, 0.00000000e+00]])"
      ]
     },
     "execution_count": 6,
     "metadata": {},
     "output_type": "execute_result"
    }
   ],
   "source": [
    "img3D_conv[15]"
   ]
  },
  {
   "cell_type": "code",
   "execution_count": null,
   "metadata": {},
   "outputs": [],
   "source": []
  }
 ],
 "metadata": {
  "kernelspec": {
   "display_name": "Python 3",
   "language": "python",
   "name": "python3"
  },
  "language_info": {
   "codemirror_mode": {
    "name": "ipython",
    "version": 3
   },
   "file_extension": ".py",
   "mimetype": "text/x-python",
   "name": "python",
   "nbconvert_exporter": "python",
   "pygments_lexer": "ipython3",
   "version": "3.8.5"
  },
  "toc": {
   "base_numbering": 1,
   "nav_menu": {},
   "number_sections": false,
   "sideBar": true,
   "skip_h1_title": false,
   "title_cell": "Table of Contents",
   "title_sidebar": "Contents",
   "toc_cell": false,
   "toc_position": {},
   "toc_section_display": true,
   "toc_window_display": false
  },
  "varInspector": {
   "cols": {
    "lenName": 16,
    "lenType": 16,
    "lenVar": 40
   },
   "kernels_config": {
    "python": {
     "delete_cmd_postfix": "",
     "delete_cmd_prefix": "del ",
     "library": "var_list.py",
     "varRefreshCmd": "print(var_dic_list())"
    },
    "r": {
     "delete_cmd_postfix": ") ",
     "delete_cmd_prefix": "rm(",
     "library": "var_list.r",
     "varRefreshCmd": "cat(var_dic_list()) "
    }
   },
   "types_to_exclude": [
    "module",
    "function",
    "builtin_function_or_method",
    "instance",
    "_Feature"
   ],
   "window_display": false
  }
 },
 "nbformat": 4,
 "nbformat_minor": 4
}
